0.0975609756098
0.25
0.0
0.0
0.222222222222
0.0740740740741
0.0
0.208333333333
0.238095238095
0.2
0.0909090909091
0.142857142857
0.235294117647
0.148148148148
0.0666666666667
0.121212121212
0.0
0.0
0.0
0.333333333333
0.146341463415
0.193548387097
0.137931034483
0.0769230769231
0.2
0.0
0.0857142857143
0.0555555555556
0.181818181818
0.210526315789
0.0363636363636
0.0888888888889
0.0
0.0625
0.0540540540541
0.0952380952381
0.526315789474
0.128205128205
0.146341463415
0.08
0.047619047619
0.354838709677
0.15625
0.25
0.0833333333333
0.121951219512
0.2
0.0
0.185185185185
0.0
0.0625
0.1
0.192307692308
0.114285714286
0.142857142857
0.233333333333
0.0
0.134615384615
0.133333333333
0.0740740740741
0.0555555555556
0.1
0.117647058824
0.230769230769
0.0714285714286
0.111111111111
0.0909090909091
0.206896551724
0.238095238095
0.142857142857
0.0769230769231
0.0
0.0
0.142857142857
0.0833333333333
0.0625
0.105263157895
0.0689655172414
0.0
0.148936170213
0.0909090909091
0.0
0.190476190476
0.111111111111
0.127659574468
0.285714285714
0.130434782609
0.0689655172414
0.0
0.0
0
0.0
0.148148148148
0.130434782609
0.0952380952381
0.105263157895
0.3125
0.0
0.0
0.2
