0.35
0.172413793103
0.0740740740741
0.5625
0.105263157895
0.380952380952
0.391304347826
0.407407407407
0.444444444444
0
0.45
0.681818181818
0.344827586207
0.260869565217
0.535714285714
0.234042553191
0.166666666667
0.52380952381
0.407407407407
0.318181818182
0.446808510638
0.346153846154
0.51724137931
0.315789473684
0.53125
0.208333333333
0.357142857143
0.15
0.333333333333
0.269230769231
0.214285714286
0.47619047619
0.448275862069
0.454545454545
0.0
0.357142857143
0.538461538462
0.588235294118
0.4
0.444444444444
0.37037037037
0.5
0.153846153846
0.263157894737
0.366666666667
0.371428571429
0.4
0.461538461538
0.45
0.40625
0.28
0.296296296296
0.5
0.314285714286
0.487804878049
0.375
0.25
0.3125
0.451612903226
0.285714285714
0.36
0.219512195122
0.25641025641
0.473684210526
0.0952380952381
0.432432432432
0.4375
0.3125
0.488888888889
0.454545454545
0.473684210526
0.393939393939
0.444444444444
0.4
0.416666666667
0.24
0.269230769231
0.344827586207
0.225806451613
0.487804878049
0.333333333333
0.222222222222
0.444444444444
0.28125
0.363636363636
0.4
0.259259259259
0.352941176471
0.5
0.181818181818
0.4
0.285714285714
0.4375
0.307692307692
0.407407407407
0.444444444444
0.212121212121
0.205128205128
0.5
0.317073170732
