0.0967741935484
0.0344827586207
0.046511627907
0.130434782609
0.0606060606061
0.108108108108
0.25
0.122448979592
0.153846153846
0.269230769231
0.0540540540541
0.0645161290323
0.093023255814
0.188679245283
0.236842105263
0.08
0.0833333333333
0.0888888888889
0.0
0.175
0.0779220779221
0.030303030303
0.115384615385
0.157894736842
0.132075471698
0.046511627907
0.0
0.0444444444444
0.030303030303
0.25
0.047619047619
0.155555555556
0.0980392156863
0.0888888888889
0.0
0.093023255814
0.114285714286
0.136363636364
0.0952380952381
0.130434782609
0.0
0.109090909091
0.0571428571429
0.0416666666667
0.103448275862
0.0357142857143
0.0384615384615
0.0769230769231
0.0454545454545
0.0508474576271
0.0363636363636
0.131578947368
0.0425531914894
0.0833333333333
0.135593220339
0.0
0.0
0.229508196721
0.0689655172414
0.0833333333333
0.0350877192982
0.177777777778
0.0454545454545
0.234042553191
0.1
0.046511627907
0.0540540540541
0.150943396226
0.148936170213
0.0281690140845
0.0645161290323
0.137931034483
0.04
0.11320754717
0.0
0.1
0.0588235294118
0.0972222222222
0.104166666667
0.0
0.122807017544
0.08
0.0
0.0847457627119
0.0952380952381
0.046511627907
0.0847457627119
0.1
0.0
0.046511627907
0.0952380952381
0.117647058824
0.112903225806
0.233333333333
0.162162162162
0.0408163265306
0.0769230769231
0.0833333333333
0.109090909091
0.0
