0.333333333333
0.344262295082
0.255813953488
0.413043478261
0.48275862069
0.363636363636
0.321428571429
0.224489795918
0.478260869565
0.441176470588
0.414634146341
0.234042553191
0.291666666667
0.3125
0.431818181818
0.583333333333
0.270833333333
0.395833333333
0.379310344828
0.377777777778
0.337209302326
0.3125
0.403846153846
0.40350877193
0.44
0.488372093023
0.34
0.377777777778
0.378787878788
0.377358490566
0.542857142857
0.333333333333
0.490196078431
0.297297297297
0.325581395349
0.45
0.327272727273
0.318181818182
0.47619047619
0.40350877193
0.291666666667
0.462686567164
0.432835820896
0.361111111111
0.207547169811
0.339285714286
0.5
0.382978723404
0.605263157895
0.491525423729
0.363636363636
0.318181818182
0.423076923077
0.381818181818
0.367088607595
0.327586206897
0.310344827586
0.4
0.472727272727
0.353846153846
0.413043478261
0.441558441558
0.424242424242
0.457142857143
0.421052631579
0.524590163934
0.32
0.32
0.44
0.460317460317
0.322580645161
0.413793103448
0.36
0.393939393939
0.25641025641
0.192307692308
0.434210526316
0.3875
0.5
0.428571428571
0.4
0.32
0.538461538462
0.328358208955
0.44
0.368421052632
0.396226415094
0.7
0.483870967742
0.540540540541
0.47619047619
0.269230769231
0.215384615385
0.5
0.324324324324
0.454545454545
0.174603174603
0.285714285714
0.345454545455
0.467741935484
