0.3
0.172413793103
0.0
0.5625
0.157894736842
0.333333333333
0.304347826087
0.62962962963
0.611111111111
0
0.15
0.681818181818
0.344827586207
0.347826086957
0.392857142857
0.340425531915
0.222222222222
0.380952380952
0.407407407407
0.0909090909091
0.404255319149
0.384615384615
0.241379310345
0.578947368421
0.46875
0.333333333333
0.464285714286
0.5
0.444444444444
0.230769230769
0.285714285714
0.333333333333
0.379310344828
0.409090909091
0.388888888889
0.5
0.346153846154
0.588235294118
0.3
0.361111111111
0.444444444444
0.233333333333
0.384615384615
0.315789473684
0.4
0.457142857143
0.542857142857
0.653846153846
0.4
0.375
0.28
0.37037037037
0.541666666667
0.457142857143
0.609756097561
0.5
0.75
0.0625
0.387096774194
0.52380952381
0.4
0.121951219512
0.230769230769
0.473684210526
0.190476190476
0.432432432432
0.34375
0.34375
0.577777777778
0.381818181818
0.526315789474
0.333333333333
0.5
0.257142857143
0.25
0.32
0.326923076923
0.241379310345
0.322580645161
0.390243902439
0.666666666667
0.333333333333
0.277777777778
0.25
0.393939393939
0.466666666667
0.148148148148
0.235294117647
0.535714285714
0.545454545455
0.4
0.380952380952
0.395833333333
0.692307692308
0.333333333333
0.555555555556
0.363636363636
0.230769230769
0.5
0.390243902439
