0.105263157895
0.153846153846
0.0
0.0588235294118
0.0909090909091
0.153846153846
0.172413793103
0.127659574468
0.117647058824
0.122448979592
0.0571428571429
0.108108108108
0.179487179487
0.0
0.128205128205
0.122448979592
0.115384615385
0.15625
0.0
0.0408163265306
0.2
0.0
0.0
0.157894736842
0.05
0.1
0.0425531914894
0.151515151515
0.0
0.235294117647
0.142857142857
0.0
0.111111111111
0.290322580645
0.0909090909091
0.078431372549
0.0
0.138888888889
0.0
0.0888888888889
0.0
0.1
0.171428571429
0.0714285714286
0.153846153846
0.0689655172414
0.11320754717
0.0588235294118
0.121212121212
0.0833333333333
0.0454545454545
0.236842105263
0.121212121212
0.0487804878049
0.14
0.153846153846
0.1
0.113636363636
0.0
0.166666666667
0.1
0.05
0.190476190476
0.105263157895
0.176470588235
0.189189189189
0.0571428571429
0.0454545454545
0.166666666667
0.22
0.285714285714
0.106382978723
0.0789473684211
0.0
0.0
0.115384615385
0.0535714285714
0.0727272727273
0.0714285714286
0.0833333333333
0.208333333333
0.0
0.0833333333333
0.0
0.130434782609
0.125
0.166666666667
0.0555555555556
0.129032258065
0.222222222222
0.12
0.108108108108
0.0526315789474
0.102564102564
0.0
0.0769230769231
0.093023255814
0.172413793103
0.108108108108
0.0
