0.184210526316
0.0943396226415
0.0689655172414
0.0
0.0
0.0540540540541
0.166666666667
0.0
0.0588235294118
0.0714285714286
0.0571428571429
0.205882352941
0.125
0.0566037735849
0.128205128205
0.0967741935484
0.0
0.0
0.04
0.0701754385965
0.0634920634921
0.0975609756098
0.0833333333333
0.186440677966
0.05
0.05
0.106382978723
0.0606060606061
0.0689655172414
0.0645161290323
0.0952380952381
0.121212121212
0.111111111111
0.0
0.272727272727
0.0769230769231
0.155555555556
0.277777777778
0.0
0.04
0.05
0.0
0.0819672131148
0.142857142857
0.0512820512821
0.120689655172
0.0377358490566
0.0
0.0
0.0416666666667
0.0681818181818
0.157894736842
0.121212121212
0.136363636364
0.107142857143
0.173913043478
0.0833333333333
0.0454545454545
0.125
0.109090909091
0.05
0.047619047619
0.113636363636
0.0526315789474
0.0
0.0
0.0888888888889
0.0392156862745
0.0
0.1
0.107142857143
0.127659574468
0.133333333333
0.08
0.046511627907
0.0769230769231
0.140350877193
0.0384615384615
0.0408163265306
0.166666666667
0.133333333333
0.1
0.138888888889
0.0
0.152173913043
0.05
0.125
0.0555555555556
0.046511627907
0.0
0.0
0.0
0.122448979592
0.15
0.075
0.0
0.093023255814
0.046511627907
0.135135135135
0.0344827586207
