0.394736842105
0.387755102041
0.655172413793
0.382352941176
0.363636363636
0.282051282051
0.333333333333
0.421052631579
0.351351351351
0.34
0.342857142857
0.290322580645
0.54347826087
0.358490566038
0.153846153846
0.418181818182
0.311111111111
0.311111111111
0.163265306122
0.354166666667
0.253731343284
0.268292682927
0.291666666667
0.303571428571
0.55
0.325
0.243902439024
0.454545454545
0.4
0.333333333333
0.47619047619
0.272727272727
0.318181818182
0.387096774194
0.405405405405
0.244444444444
0.311111111111
0.388888888889
0.0645161290323
0.367346938776
0.444444444444
0.267857142857
0.448275862069
0.357142857143
0.333333333333
0.42
0.268292682927
0.365384615385
0.454545454545
0.395833333333
0.227272727273
0.333333333333
0.575757575758
0.409090909091
0.440677966102
0.4
0.466666666667
0.228571428571
0.40625
0.467741935484
0.425
0.296875
0.288461538462
0.32
0.352941176471
0.395833333333
0.478260869565
0.122448979592
0.461538461538
0.472222222222
0.321428571429
0.340425531915
0.387755102041
0.340425531915
0.259259259259
0.326530612245
0.368421052632
0.469696969697
0.395833333333
0.333333333333
0.408163265306
0.270833333333
0.40625
0.322033898305
0.434782608696
0.45
0.395833333333
0.333333333333
0.488372093023
0.547619047619
0.489795918367
0.5
0.423076923077
0.448275862069
0.25641025641
0.294117647059
0.382352941176
0.372549019608
0.540540540541
0.461538461538
