0.0526315789474
0.125
0.137931034483
0.0
0.0
0.0740740740741
0.461538461538
0.0425531914894
0.142857142857
0.2
0.0909090909091
0.0714285714286
0.235294117647
0.37037037037
0.0666666666667
0.0
0.125
0.0
0.0
0.333333333333
0.0731707317073
0.161290322581
0.0689655172414
0.192307692308
0.16
0.0833333333333
0.142857142857
0.0606060606061
0.272727272727
0.0
0.047619047619
0.181818181818
0.09375
0.0645161290323
0.189189189189
0.0
0.157894736842
0.111111111111
0.0645161290323
0.16
0.05
0.0645161290323
0.0
0.0
0.25
0.0487804878049
0.0571428571429
0.0833333333333
0.185185185185
0.08
0.0625
0.1
0.153846153846
0.0
0.0571428571429
0.0
0.0
0.0909090909091
0.0666666666667
0.185185185185
0.0555555555556
0.15
0.294117647059
0.115384615385
0.0
0.0
0.0
0.137931034483
0.142857142857
0.0714285714286
0.0
0.0
0.25
0.107142857143
0.0
0.0625
0.0
0.172413793103
0.269230769231
0.0851063829787
0.0909090909091
0.222222222222
0.0
0.388888888889
0.0434782608696
0.178571428571
0.173913043478
0.0
0.0909090909091
0.1
0
0.166666666667
0.222222222222
0.173913043478
0.0952380952381
0.210526315789
0.125
0.0
0.0
0.25
