0.3
0.125
0.222222222222
0.4375
0.263157894737
0.285714285714
0.391304347826
0.37037037037
0.388888888889
0
0.333333333333
0.714285714286
0.586206896552
0.230769230769
0.285714285714
0.521739130435
0.333333333333
0.428571428571
0.37037037037
0.227272727273
0.317073170732
0.36
0.275862068966
0.368421052632
0.483870967742
0.458333333333
0.321428571429
0.35
0.416666666667
0.346153846154
0.321428571429
0.380952380952
0.51724137931
0.526315789474
0.333333333333
0.464285714286
0.45
0.352941176471
0.470588235294
0.34375
0.434782608696
0.4
0.333333333333
0.4
0.296296296296
0.551724137931
0.347826086957
0.192307692308
0.294117647059
0.53125
0.28
0.235294117647
0.5
0.352941176471
0.375
0.416666666667
0.375
0.380952380952
0.310344827586
0.47619047619
0.5
0.275862068966
0.435897435897
0.421052631579
0.428571428571
0.382352941176
0.6
0.375
0.567567567568
0.428571428571
0.315789473684
0.464285714286
0.428571428571
0.4
0.375
0.32
0.45652173913
1.0
0.458333333333
0.682926829268
0.583333333333
0.277777777778
0.277777777778
0.1875
0.51724137931
0.5
0.62962962963
0.294117647059
0.392857142857
0.636363636364
0.30303030303
0.421052631579
0.371428571429
0.384615384615
0.384615384615
0.636363636364
0.185185185185
0.171428571429
0.1875
0.487804878049
