0.3
0.0740740740741
0.148148148148
0.25
0.105263157895
0.307692307692
0.230769230769
0.222222222222
0.111111111111
0
0.15
0.0
0.0689655172414
0.130434782609
0.214285714286
0.137931034483
0.111111111111
0.238095238095
0.08
0.227272727273
0.093023255814
0.166666666667
0.0
0.210526315789
0.0625
0.0833333333333
0.107142857143
0.0
0.178571428571
0.238095238095
0.0
0.190476190476
0.125
0.0
0.0
0.0
0.0952380952381
0.117647058824
0.15
0.125
0.0740740740741
0.137931034483
0.0952380952381
0.105263157895
0.0689655172414
0.2
0.0
0.115384615385
0.470588235294
0.08
0.0
0.294117647059
0.0833333333333
0.130434782609
0.137931034483
0.25
0.2
0.133333333333
0.0666666666667
0.260869565217
0.16
0.117647058824
0.0
0.105263157895
0.0952380952381
0.0
0.0
0.0
0.0869565217391
0.0689655172414
0.210526315789
0.121212121212
0.190476190476
0.214285714286
0.0833333333333
0.16
0.153846153846
0.137931034483
0.08
0.0487804878049
0.0
0.111111111111
0.111111111111
0.2
0.0
0.0
0.153846153846
0.235294117647
0.0952380952381
0.111111111111
0.08
0.0
0.151515151515
0.384615384615
0.0
0.0909090909091
0.1
0.0
0.125
0.16
